Step,Cost,MAE, Rel error
0,1.86815190315,1.17236483097,1.04182291031
100,0.82195687294,0.836963653564,1.13984942436
200,0.668657243252,0.65327078104,1.59635901451
300,0.650041520596,0.549859583378,3.01000523567
400,0.646649420261,0.485270231962,6.78617143631
500,0.645874202251,0.441512316465,16.2127685547
600,0.645660161972,0.410049140453,35.956577301
700,0.645598530769,0.386381566525,71.2032699585
800,0.645576059818,0.367953598499,104.351547241
900,0.645571112633,0.353205889463,121.187347412
Test,1.03504729271,0.345373600721,-0.957914471626
