Step,Cost,MAE, Rel error
0,2.1385602951,1.15200555325,1.01218616962
1000,0.836307048798,0.158421590924,28.021364212
2000,0.836304008961,0.158425629139,27.7385902405
3000,0.836300253868,0.158432602882,27.3267974854
4000,0.83629655838,0.158443570137,26.704656601
5000,0.836292564869,0.15845875442,25.9106616974
6000,0.836287975311,0.158467516303,25.4395885468
7000,0.83628308773,0.158474370837,25.0779132843
8000,0.836277604103,0.158482894301,24.6516361237
9000,0.836271703243,0.15849019587,24.2940063477
Test,1.00970387459,0.172734484076,-0.631013989449
