Step,Cost,MAE, Rel error
0,1.99079155922,1.1711807251,1.01760101318
1000,1.7124516964,1.10515320301,1.02040159702
2000,1.45463275909,1.03632318974,1.02458369732
3000,1.25701510906,0.969833791256,1.03028690815
4000,1.11200845242,0.907109856606,1.03821492195
5000,1.00884830952,0.848715007305,1.04956376553
6000,0.937929451466,0.794986128807,1.06624746323
7000,0.890982925892,0.746109962463,1.09140610695
8000,0.861117660999,0.70215010643,1.12994003296
9000,0.842826902866,0.66300034523,1.18943190575
Test,1.23879563808,0.632442355156,0.502104520798
