Step,Cost,MAE, Rel error
0,4324.65087891,39.6729431152,-0.974331855774
5000,2002.21252441,30.9908313751,-0.042570758611
10000,1636.48608398,22.4110794067,-0.0322559550405
15000,1587.44616699,20.2263355255,-0.038026496768
20000,1559.09802246,19.1359157562,-0.041632976383
25000,1550.37731934,18.7871170044,-0.0385283455253
30000,1557.75219727,18.6194114685,-0.0276245214045
35000,1527.2734375,18.2880744934,-0.0319364070892
40000,1530.96923828,18.2751064301,-0.0298001281917
45000,1531.0,18.2207336426,-0.033785700798
Test,1601.86938477,18.658246994,-0.0440647266805
