Step,Cost,MAE, Rel error
0,35261.7929688,15.7226667404,-0.914303541183
10000,34002.7304688,29.0293998718,0.355679273605
20000,28556.8027344,22.9700679779,0.218779787421
30000,24214.1875,18.8935699463,0.0545767061412
40000,24438.1210938,17.2208824158,-0.04898878932
50000,25402.8066406,18.0943336487,0.0302771236748
60000,27406.0371094,19.2962627411,0.0916472747922
70000,24651.8496094,17.2585964203,-0.0361144766212
80000,26976.1816406,19.1268520355,0.0792840346694
90000,26247.7988281,18.5507545471,0.0768067017198
Test,31978.9257812,18.2301521301,-0.258504331112
