Step,Cost,MAE, Rel error
0,16.6087722778,2.86533617973,0.931674182415
10,16.5919094086,2.86466145515,0.931636571884
20,16.5648727417,2.8637149334,0.931575715542
30,16.531042099,2.86256623268,0.931499481201
40,16.4919242859,2.86124825478,0.931410908699
50,16.4482822418,2.85978627205,0.931311666965
60,16.4008102417,2.85819625854,0.931203246117
70,16.3499107361,2.8564915657,0.931086421013
80,16.2960033417,2.85468244553,0.930962085724
90,16.2393627167,2.85277676582,0.930830538273
Test,16.325466156,2.85192728043,0.945025503635
