Step,Cost,MAE, Rel error
0,35262.375,15.7432975769,-0.914733290672
1000,36171.140625,43.2248687744,0.50969427824
2000,31597.4003906,38.6709594727,0.491108477116
3000,35072.6914062,38.7511329651,0.480997383595
4000,35205.9492188,36.594783783,0.458253800869
5000,37034.9921875,36.1161956787,0.462106019258
6000,38261.7265625,35.9218444824,0.472851753235
7000,37950.875,35.4547462463,0.469886213541
8000,38600.2304688,34.9231987,0.464749455452
9000,37737.40625,34.4686927795,0.459193229675
Test,32740.2421875,27.6662216187,0.0766166895628
