Step,Cost,MAE, Rel error
0,28657.59375,12.3650579453,-0.919697880745
1000,26891.8457031,25.1692943573,0.138043731451
2000,26206.296875,24.4657764435,0.121579281986
3000,24776.3359375,23.8820323944,0.112909920514
4000,23548.4238281,22.7630157471,0.018753150478
5000,22655.6796875,21.9918842316,-0.00155897007789
6000,21945.6035156,21.2642154694,-0.0193091426045
7000,21401.7167969,20.8667201996,-0.0124553162605
8000,20860.3144531,20.245929718,-0.0294479504228
9000,20469.2675781,20.0248508453,-0.0181467458606
Test,21129.2949219,20.8981227875,-0.00807886384428
