Step,Cost,MAE, Rel error
0,4324.25830078,39.6708183289,-0.974163293839
5000,1649.30297852,23.198059082,-0.0271060355008
10000,1493.65869141,18.5676250458,-0.0357526540756
15000,1488.82824707,17.8812160492,-0.0242573432624
20000,1519.84289551,17.9640636444,-0.0280911829323
25000,1537.14709473,17.8385791779,-0.0273486804217
30000,1546.61950684,17.9790840149,-0.0319227129221
35000,1545.76831055,17.855222702,-0.0236957091838
40000,1575.30700684,18.1313858032,-0.0273772589862
45000,1556.49829102,17.845489502,-0.0379578731954
Test,1603.53479004,17.7717704773,-0.0448376834393
