Step,Cost,MAE, Rel error
0,35262.3203125,15.7201986313,-0.914692819118
1000,34982.6289062,42.4399261475,0.494041979313
2000,36895.5898438,41.0466270447,0.489516049623
3000,38103.7382812,41.9678268433,0.491611242294
4000,35800.34375,39.601524353,0.463008880615
5000,34685.96875,37.9471969604,0.442283332348
6000,34658.6171875,37.2426109314,0.437600016594
7000,34335.8867188,36.9548492432,0.443855077028
8000,35472.7773438,36.9159202576,0.441302359104
9000,32893.984375,35.0056915283,0.421809852123
Test,33789.4296875,29.4971427917,0.111364625394
