Step,Cost,MAE, Rel error
0,2.02763485909,1.18790411949,0.943733870983
1000,0.916255474091,0.726599156857,-0.978453874588
2000,0.916252493858,0.726604819298,-0.978203296661
3000,0.91624891758,0.726607680321,-0.978069603443
4000,0.916244804859,0.726609408855,-0.977956473827
5000,0.916239440441,0.726615250111,-0.977686107159
6000,0.916234433651,0.726616978645,-0.97753405571
7000,0.916228950024,0.726619184017,-0.977349460125
8000,0.916219174862,0.726631879807,-0.976718008518
9000,0.916213035583,0.726628899574,-0.976796388626
Test,0.981328606606,0.747067809105,-0.986608862877
