Step,Cost,MAE, Rel error
0,1.85860729218,1.16960012913,1.04194283485
10,1.72075927258,1.13730740547,1.04494953156
20,1.56556642056,1.10069811344,1.04919278622
30,1.41679394245,1.06234896183,1.05453395844
40,1.28238105774,1.02354967594,1.06108427048
50,1.16534495354,0.98510915041,1.0690331459
60,1.0660610199,0.947577118874,1.07862651348
70,0.983501374722,0.911364138126,1.09012103081
80,0.915943861008,0.876726508141,1.10385394096
90,0.861310422421,0.843834042549,1.12018096447
Test,1.18058800697,0.816840589046,0.974017083645
