Step,Cost,MAE, Rel error
0,17.5921096802,2.92612242699,0.933398485184
100,17.2245101929,2.91222429276,0.932658314705
200,16.6236858368,2.89213037491,0.931383490562
300,15.9210777283,2.86816978455,0.929785013199
400,15.1716070175,2.84157943726,0.927938520908
500,14.4086828232,2.81317710876,0.925888597965
600,13.6547174454,2.78356194496,0.923668622971
700,12.9249544144,2.75319838524,0.921306550503
800,12.2290449142,2.72245121002,0.918824613094
900,11.5723972321,2.69160699844,0.916242539883
Test,11.1129779816,2.66233730316,0.931553542614
