Step,Cost,MAE, Rel error
0,4324.87890625,39.6733055115,-0.97440302372
1000,2893.17773438,44.6550292969,-0.17905575037
2000,2720.91821289,42.3189888,-0.160426929593
3000,2517.92749023,39.8553237915,-0.0597688630223
4000,2186.29101562,34.6267967224,-0.0385284237564
5000,1992.70825195,30.7053604126,-0.0411281809211
6000,1866.2253418,27.9212760925,-0.0439103990793
7000,1783.08776855,26.0385913849,-0.0400793477893
8000,1717.77612305,24.4497184753,-0.0369951762259
9000,1667.53234863,23.2071475983,-0.0321585126221
Test,1649.62365723,21.9038105011,-0.0392913371325
