Step,Cost,MAE, Rel error
0,55692.7617188,12.6176548004,-0.879707694054
1000,45409.0703125,20.8840866089,0.00210518320091
2000,37285.2148438,18.0555000305,-0.0313824489713
3000,34988.8398438,16.2083530426,-0.0556684024632
4000,33946.578125,14.9573040009,-0.0861595422029
5000,33078.25,14.4040994644,-0.0737599432468
6000,32838.8085938,13.8151464462,-0.089363001287
7000,32837.390625,13.0863800049,-0.157070353627
8000,32679.2929688,13.3391685486,-0.117504060268
9000,32442.7617188,13.0407629013,-0.13661673665
Test,38236.4804688,14.3514966965,-0.164912238717
