Step,Cost,MAE, Rel error
0,28655.3144531,12.4235429764,-0.912630975246
100,28530.6054688,27.6229705811,0.198365435004
200,28531.0820312,27.5759162903,0.194351404905
300,28531.0644531,27.5759468079,0.194377347827
400,28531.0625,27.5761222839,0.19439893961
500,28492.4570312,25.0281887054,0.0483547598124
600,27405.5253906,27.6030845642,0.22731718421
700,27074.4726562,25.1823749542,0.117910608649
800,26922.7167969,24.9244995117,0.117206193507
900,26820.8632812,24.6926746368,0.10974355787
Test,28106.7285156,26.9355278015,0.153781190515
