Step,Cost,MAE, Rel error
0,2.14846920967,1.1845574379,1.00836646557
10,1.92795217037,1.08258748055,1.00927269459
20,1.6730389595,0.952213048935,1.01077270508
30,1.44250059128,0.814738988876,1.01297736168
40,1.25675022602,0.682419121265,1.01616764069
50,1.11921298504,0.561887323856,1.02082252502
60,1.02433145046,0.458336293697,1.02765703201
70,0.962863147259,0.373828738928,1.0378279686
80,0.925131320953,0.307207614183,1.05322575569
90,0.903037011623,0.257024854422,1.076851964
Test,0.966919362545,0.229022651911,1.0402534008
