Step,Cost,MAE, Rel error
0,1.91652786732,1.10846865177,1.0193375349
1000,0.672394216061,0.148438021541,15.9695491791
2000,0.672391355038,0.148440048099,15.9370727539
3000,0.672387719154,0.148441657424,15.9109296799
4000,0.672384083271,0.148443773389,15.8775968552
5000,0.672379970551,0.148443669081,15.870847702
6000,0.672375738621,0.148444280028,15.8564071655
7000,0.672371089458,0.14844699204,15.8119516373
8000,0.672366380692,0.14844712615,15.7981338501
9000,0.672361135483,0.148448824883,15.7706012726
Test,0.834848403931,0.163616210222,2.89493060112
