Step,Cost,MAE, Rel error
0,1.90384042263,1.09977352619,1.01753783226
1000,0.800477385521,0.145410016179,126.077941895
2000,0.800478696823,0.145422294736,112.68321991
3000,0.800477325916,0.145443439484,107.608566284
4000,0.800476074219,0.145435795188,109.760467529
5000,0.800474464893,0.145439118147,108.846260071
6000,0.800474524498,0.145446568727,105.051979065
7000,0.800472974777,0.145450919867,106.798545837
8000,0.800471127033,0.145440578461,106.473007202
9000,0.800468862057,0.145456731319,99.5872116089
Test,0.841409802437,0.149439752102,75.8107299805
