Step,Cost,MAE, Rel error
0,2.28320097923,1.06684446335,0.988084495068
1000,1.22766721249,0.10781595856,-0.924907684326
2000,1.22766685486,0.107816137373,-0.924894869328
3000,1.22766661644,0.107816100121,-0.92492133379
4000,1.22766625881,0.107816293836,-0.924916684628
5000,1.2276661396,0.107816360891,-0.924922287464
6000,1.22766554356,0.107816830277,-0.92484498024
7000,1.22766542435,0.107816770673,-0.924866497517
8000,1.22766506672,0.107816964388,-0.924861848354
9000,1.2276648283,0.107817240059,-0.92484742403
Test,1.44682097435,0.117492362857,-0.961332678795
