Step,Cost,MAE, Rel error
0,1.86254107952,1.16566026211,1.04212224483
1000,0.645578026772,0.220488071442,118.343437195
2000,0.645577132702,0.220481961966,121.472465515
3000,0.645576834679,0.220488846302,119.739746094
4000,0.64557570219,0.220490500331,118.301948547
5000,0.645574688911,0.220491096377,117.802612305
6000,0.645573556423,0.220499947667,114.615737915
7000,0.645572602749,0.220502018929,113.803634644
8000,0.645572423935,0.220515727997,109.322059631
9000,0.6455706954,0.220519661903,108.880157471
Test,1.03504133224,0.267652720213,-0.950330674648
