Step,Cost,MAE, Rel error
0,1.95875835419,1.11707174778,1.01261305809
1000,0.836351633072,0.158333793283,35.416229248
2000,0.836352169514,0.158239066601,46.0973205566
3000,0.836351811886,0.158239722252,45.9815673828
4000,0.836351573467,0.158239856362,45.9468040466
5000,0.836351335049,0.15823996067,45.9219779968
6000,0.836350917816,0.158240184188,45.8556022644
7000,0.836350679398,0.158240437508,45.8087272644
8000,0.836350142956,0.158242061734,45.5549545288
9000,0.836349844933,0.158242225647,45.5246429443
Test,1.00981426239,0.17248262465,-0.811467587948
