Step,Cost,MAE, Rel error
0,1.98125755787,1.12395441532,0.827376842499
1000,1.18397843838,0.903188943863,-0.997320592403
2000,1.18397796154,0.903188943863,-0.997318863869
3000,1.18397760391,0.903188943863,-0.99731785059
4000,1.18397319317,0.903191030025,-0.997255682945
5000,1.18397283554,0.903190732002,-0.997253000736
6000,1.1839723587,0.903190612793,-0.997249960899
7000,1.18397188187,0.90319019556,-0.997246086597
8000,1.18397152424,0.90319019556,-0.99724316597
9000,1.1839710474,0.90319019556,-0.997240662575
Test,1.15991711617,0.888503432274,-0.9965031147
