Step,Cost,MAE, Rel error
0,55693.9335938,12.6013946533,-0.881020784378
1000,45792.3828125,20.8628501892,0.0227645710111
2000,37546.5703125,17.9990348816,-0.0102190161124
3000,35163.0898438,16.570476532,-0.0285387523472
4000,33913.6445312,15.64320755,-0.0431623756886
5000,33870.8710938,13.7172555923,-0.199836432934
6000,33643.1640625,13.2981710434,-0.186769261956
7000,33043.1953125,13.4477748871,-0.154662281275
8000,33582.6601562,12.7160139084,-0.21433724463
9000,33411.078125,12.5904998779,-0.214482665062
Test,79867.4921875,66.854675293,0.764297068119
