Step,Cost,MAE, Rel error
0,28661.1503906,12.5184907913,-0.930510103703
10000,28555.1855469,16.7624893188,-0.581332921982
20000,28528.0136719,21.2996234894,-0.233086705208
30000,28506.8320312,24.3778018951,0.00298509723507
40000,28532.3066406,26.1484699249,0.120535768569
50000,28534.9140625,26.9855747223,0.16730633378
60000,28532.3691406,27.3202610016,0.185268938541
70000,28530.9414062,27.4733695984,0.190719127655
80000,28528.2285156,27.2930622101,0.182933151722
90000,28492.0371094,26.4757575989,0.139504030347
Test,29910.7792969,27.6101512909,0.110412731767
