Step,Cost,MAE, Rel error
0,6770.65283203,4.73972558975,-0.813352167606
10000,6761.66064453,5.48681640625,-0.62035882473
20000,6754.32617188,6.42985010147,-0.443545818329
30000,6750.90234375,7.11951446533,-0.313722759485
40000,6749.59814453,7.55100107193,-0.232257798314
50000,6749.64208984,7.79424095154,-0.186761945486
60000,6749.74853516,7.90580129623,-0.165503755212
70000,6749.76464844,7.93628835678,-0.159542664886
80000,6749.73925781,7.94037342072,-0.158914744854
90000,6749.72021484,7.94000244141,-0.15902402997
Test,7958.78222656,8.65913772583,-0.269785165787
