Step,Cost,MAE, Rel error
0,28089.4785156,20.4875011444,-0.949172914028
10000,27993.1894531,22.8253574371,-0.819029033184
20000,27899.140625,25.6653347015,-0.661206364632
30000,27850.6523438,28.2261657715,-0.519010901451
40000,27804.1796875,30.5280303955,-0.391057670116
50000,27784.71875,32.6006507874,-0.276182860136
60000,27754.2285156,34.4490814209,-0.173767223954
70000,27743.8632812,36.1099090576,-0.082947447896
80000,27746.4296875,37.5612106323,-0.00303676910698
90000,27751.28125,38.8101501465,0.0627561211586
Test,44696.15625,49.7579536438,-0.262359112501
