Step,Cost,MAE, Rel error
0,28032.7089844,13.9876775742,-0.931413590908
10000,28002.4355469,14.8103351593,-0.85447794199
20000,27962.0859375,16.2514801025,-0.750966131687
30000,27925.8242188,17.6420955658,-0.650944948196
40000,27898.3964844,18.9005222321,-0.560318946838
50000,27880.6542969,20.0392799377,-0.478302299976
60000,27874.7792969,21.0750160217,-0.404245495796
70000,27879.84375,22.0076732635,-0.33743801713
80000,27873.015625,22.8457736969,-0.277308702469
90000,27864.2675781,23.5837936401,-0.223298490047
Test,33657.4335938,26.8624572754,-0.297785699368
