Step,Cost,MAE, Rel error
0,4452.35839844,40.8108215332,-0.97514218092
10000,4134.81347656,41.4146728516,-0.870785117149
20000,3828.36743164,42.0312271118,-0.757166266441
30000,3593.81494141,42.5799026489,-0.656803846359
40000,3415.27197266,43.1295051575,-0.568708658218
50000,3281.8684082,43.4508094788,-0.492843717337
60000,3184.45947266,43.9352035522,-0.429036915302
70000,3114.60571289,44.2636947632,-0.376661211252
80000,3064.98339844,44.4483833313,-0.334584742785
90000,3030.3972168,44.536365509,-0.301701545715
Test,2936.88330078,44.058265686,-0.243122905493
