Step,Cost,MAE, Rel error
0,2.34548997879,1.09589385986,0.988525867462
1000,2.28375101089,1.06668782234,0.988186657429
2000,2.20484685898,1.03017663956,0.987711310387
3000,2.12667679787,0.991630017757,0.9871789217
4000,2.05309319496,0.95378869772,0.986606419086
5000,1.984187603,0.916863203049,0.985997259617
6000,1.92033529282,0.88149356842,0.985351741314
7000,1.86108839512,0.847021877766,0.98466604948
8000,1.8062967062,0.813085436821,0.983937442303
9000,1.75554895401,0.780400037766,0.983161866665
Test,1.91505587101,0.758729100227,0.965420722961
