Step,Cost,MAE, Rel error
0,1.88986754417,1.1793282032,1.04156553745
1000,1.85716664791,1.16479980946,1.0421807766
2000,1.81802618504,1.14790415764,1.04294383526
3000,1.77822828293,1.13020920753,1.04376173019
4000,1.73905563354,1.11259710789,1.04461312294
5000,1.70090949535,1.09507334232,1.04549133778
6000,1.66382646561,1.07775378227,1.04639446735
7000,1.62783551216,1.06042516232,1.04732251167
8000,1.5928580761,1.04344677925,1.04828059673
9000,1.55895864964,1.02687084675,1.04926681519
Test,1.83276736736,1.04166436195,0.990550518036
