Step,Cost,MAE, Rel error
0,1.97294640541,1.12532401085,1.01251256466
1000,1.94591379166,1.11257052422,1.01267719269
2000,1.91454577446,1.09780836105,1.01287448406
3000,1.88268959522,1.0827486515,1.01308393478
4000,1.85123038292,1.06725466251,1.01330077648
5000,1.82036864758,1.05217909813,1.01352405548
6000,1.79025137424,1.03702509403,1.01375365257
7000,1.76088941097,1.02205312252,1.01398837566
8000,1.73223936558,1.00706803799,1.01422965527
9000,1.70429086685,0.992474555969,1.01447713375
Test,1.82667648792,0.989464223385,0.998232662678
