Step,Cost,MAE, Rel error
0,1.98341405392,1.12520420551,0.82725083828
1000,1.94918882847,1.11586332321,0.823914408684
2000,1.90660452843,1.10453140736,0.819528460503
3000,1.86384022236,1.09330630302,0.814756274223
4000,1.82239031792,1.08265197277,0.809732317924
5000,1.78279006481,1.07278800011,0.804500937462
6000,1.74507832527,1.06347835064,0.799061477184
7000,1.70925855637,1.05505728722,0.793429732323
8000,1.67526102066,1.04709970951,0.787572085857
9000,1.64293920994,1.0397541523,0.781483650208
Test,1.64298415184,1.04517197609,0.821686029434
