Step,Cost,MAE, Rel error
0,27852.8125,12.4104976654,-0.899220168591
1000,25146.5273438,21.2370738983,-0.0912873521447
2000,21375.6035156,20.4476852417,0.0184348020703
3000,19400.6503906,19.3277130127,0.0565939061344
4000,18540.640625,18.167339325,-0.00896496232599
5000,17842.8105469,17.1636428833,-0.0254066828638
6000,17349.3300781,16.4074134827,-0.0409750491381
7000,17174.46875,16.2334060669,-0.0166135877371
8000,16849.1503906,14.4846229553,-0.156173527241
9000,16734.5839844,14.540102005,-0.130854874849
Test,19047.3046875,15.5077476501,-0.172620475292
