Step,Cost,MAE, Rel error
0,1.9245685339,1.1773172617,1.03017997742
1000,0.785166978836,0.784034132957,1.16696047783
2000,0.715048789978,0.603036046028,2.35452079773
3000,0.711701691151,0.508170485497,9.0982503891
4000,0.711399793625,0.45075288415,28.9942207336
5000,0.711359798908,0.412416636944,43.506149292
6000,0.711351573467,0.385027140379,46.5757789612
7000,0.711350142956,0.364484488964,46.8373985291
8000,0.711350739002,0.348507016897,46.7378768921
9000,0.711350619793,0.335725158453,46.6655158997
Test,1.13184225559,0.329639434814,-0.967565238476
