Step,Cost,MAE, Rel error
0,1.82387733459,(0.0, 1.1525601),1.04270005226
10,1.68921899796,(1.1525601, 1.1205207),1.04579567909
20,1.53744876385,(1.1205207, 1.0841289),1.05018460751
30,1.392182827,(1.0841289, 1.045958),1.05573952198
40,1.26115250587,(1.045958, 1.0073256),1.06257414818
50,1.14731884003,(1.0073256, 0.96906942),1.07089591026
60,1.05103337765,(0.96906942, 0.9317624),1.08095240593
70,0.971214532852,(0.9317624, 0.89584017),1.09298193455
80,0.906055390835,(0.89584017, 0.86156827),1.10731172562
90,0.853479325771,(0.86156827, 0.8290962),1.12433981895
Test,1.17542314529,(0.8290962, 0.80260247),0.97312772274
