Step,Cost,MAE, Rel error
0,6728.23583984,4.82768154144,-0.812168061733
1000,6666.51708984,7.59165143967,-0.206701919436
2000,6665.02587891,6.98711490631,-0.311759859324
3000,6663.11328125,7.02539539337,-0.304041087627
4000,6653.82910156,6.70571517944,-0.362691313028
5000,6639.23144531,6.56297159195,-0.385988622904
6000,6613.14746094,6.71938467026,-0.36674657464
7000,6609.49951172,6.73206996918,-0.392681419849
8000,6596.703125,6.83023166656,-0.399840712547
9000,6580.08837891,6.87072515488,-0.399571090937
Test,7695.08398438,8.4129524231,-0.3876773417
