Step,Cost,MAE, Rel error
0,8.73745155334,2.18525195122,0.905854403973
10,8.73357009888,2.18503642082,0.90583139658
20,8.72732448578,2.18473434448,0.905794560909
30,8.71949958801,2.18436598778,0.905748128891
40,8.71038150787,2.1839427948,0.905694067478
50,8.70020294189,2.18347239494,0.905633628368
60,8.68908691406,2.18295955658,0.905567348003
70,8.67712974548,2.1824092865,0.90549582243
80,8.66442012787,2.18182349205,0.905419707298
90,8.65101051331,2.18120574951,0.905339300632
Test,8.73958110809,2.18167042732,0.924838006496
