Step,Cost,MAE, Rel error
0,22.4851856232,3.22075295448,0.93970990181
5000,1.78555190563,2.14072585106,0.57354927063
10000,1.27789497375,1.7367399931,-0.292497843504
15000,1.22392296791,1.531077981,-0.599836587906
20000,1.2067579031,1.40675938129,-0.715497612953
25000,1.19860053062,1.32351517677,-0.775893568993
30000,1.19395446777,1.26387584209,-0.813109338284
35000,1.19098246098,1.21904575825,-0.838239908218
40000,1.18894433975,1.18411624432,-0.856293857098
45000,1.18746733665,1.15613138676,-0.869717895985
Test,1.16396546364,1.13195478916,-0.83819270134
