Step,Cost,MAE, Rel error
0,27851.9726562,12.4543056488,-0.896870553493
1000,24099.1054688,21.0427360535,-0.0558199472725
2000,20249.6289062,18.6444854736,-0.0874945372343
3000,17833.0429688,16.8915920258,-0.0962245613337
4000,17234.1484375,15.8819580078,-0.108657091856
5000,16746.8613281,14.9449291229,-0.110796324909
6000,16772.2949219,14.6191892624,-0.109934180975
7000,16880.6503906,14.0103549957,-0.143389463425
8000,16964.2148438,13.7558717728,-0.146041750908
9000,16939.4179688,13.5504426956,-0.149130553007
Test,18964.6523438,14.3300352097,-0.194494307041
