Step,Cost,MAE, Rel error
0,23.3978347778,3.30302882195,0.941512703896
1000,1.53867280483,2.14967799187,0.424576044083
2000,1.23384296894,1.7384622097,-0.533522367477
3000,1.20286989212,1.53086781502,-0.731306374073
4000,1.19248247147,1.40576088428,-0.807043015957
5000,1.1875513792,1.32212555408,-0.844987332821
6000,1.18469679356,1.26226258278,-0.866639614105
7000,1.18282461166,1.21729028225,-0.880413353443
8000,1.18147146702,1.18225979805,-0.889356911182
9000,1.18045520782,1.15419864655,-0.895544707775
Test,1.15724265575,1.12996387482,-0.870247840881
