Step,Cost,MAE, Rel error
0,35498.4921875,15.7683181763,-0.907408237457
100,34882.6601562,27.461391449,-0.157124787569
200,34196.53125,25.110748291,-0.272423505783
300,34111.7695312,25.178352356,-0.263964742422
400,33843.9140625,24.6525192261,-0.288547337055
500,34058.0898438,26.9716892242,-0.155006155372
600,33399.1523438,25.2279014587,-0.240402653813
700,32897.453125,24.5970096588,-0.262724250555
800,32545.2382812,25.5252513885,-0.181757926941
900,31818.8496094,25.303144455,-0.169607236981
Test,37228.6210938,27.7696323395,-0.266513943672
