Step,Cost,MAE, Rel error
0,1.86567211151,1.17112863064,1.04187881947
1000,0.645573556423,0.695825457573,107.715553284
2000,0.645574212074,0.537392199039,106.540504456
3000,0.645572960377,0.458177149296,104.73727417
4000,0.645571887493,0.410648345947,104.264045715
5000,0.645570278168,0.37896296382,103.479370117
6000,0.645568728447,0.356330752373,102.934745789
7000,0.645567119122,0.339356690645,102.579170227
8000,0.645565509796,0.326154738665,102.218490601
9000,0.645563840866,0.315593421459,101.524650574
Test,1.03502845764,0.311186283827,-0.946690201759
