Step,Cost,MAE, Rel error
0,10.1580810547,2.0971634388,1.01578497887
100,10.0321941376,2.09016442299,1.01590228081
200,9.85126972198,2.08130073547,1.01606929302
300,9.64396381378,2.0712647438,1.01626479626
400,9.42108821869,2.06039500237,1.01648139954
500,9.18910884857,2.0489051342,1.01671528816
600,8.95245265961,2.03694653511,1.01696372032
700,8.71434879303,2.02463245392,1.01722443104
800,8.47716712952,2.01205158234,1.01749610901
900,8.24261569977,1.99927675724,1.01777720451
Test,8.26439380646,1.98878800869,0.98777204752
