Step,Cost,MAE, Rel error
0,23.9179553986,3.29700064659,0.941055774689
1000,1.18574786186,2.1003010273,-0.891311943531
2000,1.1791074276,1.70056390762,-0.926686644554
3000,1.17633473873,1.50033509731,-0.927884876728
4000,1.17408239841,1.37994432449,-0.921770513058
5000,1.1721534729,1.29950118065,-0.915288150311
6000,1.17050349712,1.2419012785,-0.909240603447
7000,1.16886878014,1.19857728481,-0.902405619621
8000,1.16765522957,1.16479861736,-0.898250162601
9000,1.16555285454,1.1376490593,-0.887660980225
Test,1.14174306393,1.11411690712,-0.856381237507
