Step,Cost,MAE, Rel error
0,2.10123538971,1.20870351791,0.945276141167
1000,0.916270673275,0.726571917534,-0.97955685854
2000,0.916267812252,0.726573705673,-0.979451298714
3000,0.916264533997,0.726574599743,-0.979355573654
4000,0.916260778904,0.726577043533,-0.979222655296
5000,0.916256725788,0.726578593254,-0.979125738144
6000,0.916250646114,0.72657674551,-0.979157269001
7000,0.916244804859,0.726582884789,-0.978825747967
8000,0.91623622179,0.726595163345,-0.978230953217
9000,0.916228592396,0.726599395275,-0.977927625179
Test,0.981341719627,0.747029066086,-0.98734921217
