Step,Cost,MAE, Rel error
0,27857.4765625,12.1808815002,-0.914623081684
1000,25788.2285156,23.855506897,0.090351767838
2000,23955.5410156,23.2667446136,0.0379901900887
3000,22256.7070312,21.879940033,-0.00856726709753
4000,21011.8417969,20.8356246948,-0.0218163002282
5000,20093.4824219,20.1468639374,-0.0168934632093
6000,19435.640625,19.4760227203,-0.0225620232522
7000,18929.5234375,18.0900650024,-0.106109127402
8000,18655.1914062,18.3095817566,-0.0615085661411
9000,18310.4199219,17.8670406342,-0.0697988495231
Test,20138.4140625,18.2711868286,-0.140330329537
