Step,Cost,MAE, Rel error
0,10.73250103,2.3384103775,0.914024055004
100,4.48708963394,1.96543800831,0.856359004974
200,1.64519405365,1.65664577484,0.64162749052
300,1.21011614799,1.47387802601,-0.101967960596
400,1.18214929104,1.36058282852,-0.691714704037
500,1.18098175526,1.28458178043,-0.781951248646
600,1.18048560619,1.23024666309,-0.800055146217
700,1.17992341518,1.18946504593,-0.811759710312
800,1.17943990231,1.1577244997,-0.82095015049
900,1.17910838127,1.13231837749,-0.829176187515
Test,1.15767347813,1.11032521725,-0.772335410118
