Step,Cost,MAE, Rel error
0,1.90825712681,1.1698974371,1.03040969372
1000,1.6249808073,1.10314416885,1.0352897644
2000,1.36240303516,1.03350675106,1.04261088371
3000,1.16114187241,0.966263175011,1.05263066292
4000,1.01342153549,0.902979850769,1.06654500961
5000,0.908201813698,0.844172954559,1.08651185036
6000,0.835757732391,0.790122330189,1.11604499817
7000,0.787702918053,0.741046905518,1.16055893898
8000,0.757023572922,0.696961164474,1.22919416428
9000,0.738133370876,0.65772998333,1.33633089066
Test,1.14142262936,0.627346515656,0.65896499157
